line
0 0 0 1 1 0
line
1 1 0 -1 3 0
line
-1 3 0 -5 0 0
line
-5 0 0 -5 -6 0
line
-5 -6 0 2 -9 0
line
2 -9 0 11 -3 0
line
11 -3 0 10 9 0
line
10 9 0 -2 15 0
line
-2 15 0 -16 7 0
line
-16 7 0 -16 -10 0
line
-16 -10 0 0 -21 0
line
0 -21 0 20 -12 0
line
20 -12 0 23 10 0
line
23 10 0 3 27 0
line
3 27 0 -22 19 0
line
-22 19 0 -30 -9 0
line
-30 -9 0 -9 -32 0
line
-9 -32 0 23 -27 0
line
23 -27 0 37 5 0
line
37 5 0 16 36 0
line
16 36 0 -23 35 0
line
-23 35 0 -43 0 0
line
-43 0 0 -24 -38 0
line
-24 -38 0 20 -43 0
line
20 -43 0 49 -6 0
line
49 -6 0 33 39 0
line
33 39 0 -15 51 0
line
-15 51 0 -53 15 0
line
-53 15 0 -43 -38 0
line
-43 -38 0 9 -59 0
line
9 -59 0 56 -25 0
line
56 -25 0 53 35 0
line
53 35 0 0 65 0
line
0 65 0 -57 35 0
line
-57 35 0 -63 -29 0
line
-63 -29 0 -9 -71 0
line
-9 -71 0 56 -47 0
line
56 -47 0 72 22 0
line
72 22 0 20 75 0
line
20 75 0 -53 59 0
line
-53 59 0 -80 -13 0
line
-80 -13 0 -33 -76 0
line
-33 -76 0 47 -71 0
line
47 -71 0 87 1 0
line
87 1 0 47 76 0
line
47 76 0 -39 82 0
line
-39 82 0 -93 11 0
line
-93 11 0 -61 -73 0
line
-61 -73 0 29 -93 0
line
29 -93 0 96 -26 0
line
96 -26 0 75 68 0
line
75 68 0 -16 102 0
line
-16 102 0 -97 41 0
line
-97 41 0 -89 -60 0
line
-89 -60 0 2 -109 0
line
2 -109 0 95 -58 0
line
95 -58 0 102 49 0
line
102 49 0 13 115 0
line
13 115 0 -90 75 0
line
-90 75 0 -114 -36 0
line
-114 -36 0 -31 -117 0
line
-31 -117 0 83 -91 0
line
83 -91 0 124 21 0
line
124 21 0 50 117 0
line
50 117 0 -73 107 0
line
-73 107 0 -131 -3 0
line
-131 -3 0 -69 -114 0
line
-69 -114 0 59 -122 0
line
59 -122 0 137 -15 0
line
137 -15 0 88 108 0
line
88 108 0 -43 135 0
line
-43 135 0 -139 36 0
line
-139 36 0 -107 -98 0
line
-107 -98 0 25 -145 0
line
25 -145 0 138 -58 0
line
138 -58 0 125 86 0
line
125 86 0 -4 153 0
line
-4 153 0 -133 80 0
line
-133 80 0 -141 -70 0
line
-141 -70 0 -17 -159 0
line
-17 -159 0 125 -102 0
line
125 -102 0 155 51 0
line
155 51 0 41 160 0
line
41 160 0 -114 123 0
line
-114 123 0 -167 -29 0
line
-167 -29 0 -65 -158 0
line
-65 -158 0 99 -142 0
line
99 -142 0 175 6 0
line
175 6 0 90 153 0
line
90 153 0 -80 160 0
line
-80 160 0 -180 19 0
line
-180 19 0 -115 -143 0
line
-115 -143 0 59 -176 0
line
59 -176 0 182 -46 0
line
182 -46 0 138 129 0
line
138 129 0 -34 188 0
line
-34 188 0 -179 73 0
line
-179 73 0 -160 -112 0
line
-160 -112 0 7 -197 0
line
7 -197 0 172 -101 0
ident
move
250 250 100
apply
save
spiral.png
quit
